{
 "cells": [
  {
   "cell_type": "code",
   "execution_count": null,
   "metadata": {
    "id": "ncl_tbDqCZ6R"
   },
   "outputs": [],
   "source": []
  },
  {
   "cell_type": "markdown",
   "metadata": {
    "id": "oySexDZLCivo"
   },
   "source": [
    "### Problem 1\n",
    "\n",
    "Load \"the original dataset\" from https://www4.stat.ncsu.edu/~boos/var.select/diabetes.html into a pandas dataframe. (Hints: pandas.read_csv can read in a tab-separated file and information on the columns can be obtained from the brief description through the link above) \n",
    "1. What is the output variable for this dataset? (i.e. which variable is the one that a data scientist would predict, using this dataset?)\n",
    "2. All the other columns in the dataset are the attributes. For each attribute: compute the mean and the standard deviation. For all of the attributes together, create a correlation matrix (Using Pearson correlation coefficients). Please use numpy and scipy methods. Next, calculate a correlation matrix using the pandas method (your dataframe variable name).corr. Did you get the same values?\n",
    "3. Does it make sense to calculate the mean and standard deviation for all of the columns? Is the correlation meaningful? Why or why not?\n",
    "4. Why is the main diagonal of the correlation coefficient equal to a vector of ones? Justify your answer\n"
   ]
  },
  {
   "cell_type": "code",
   "execution_count": 101,
   "metadata": {
    "id": "11ahtFrDOxE8"
   },
   "outputs": [
    {
     "name": "stdout",
     "output_type": "stream",
     "text": [
      "BP \n",
      " std: 13.815628311857534 \n",
      " mean: 94.64701357466062\n",
      "S2 \n",
      " std: 30.378657550243798 \n",
      " mean: 115.43914027149322\n",
      "S3 \n",
      " std: 12.919562419379737 \n",
      " mean: 49.78846153846154\n",
      "S4 \n",
      " std: 1.288989285051803 \n",
      " mean: 4.070248868778281\n",
      "S1 \n",
      " std: 34.568880126921364 \n",
      " mean: 189.14027149321268\n",
      "S6 \n",
      " std: 11.48332247173548 \n",
      " mean: 91.26018099547511\n",
      "BMI \n",
      " std: 4.413120855492464 \n",
      " mean: 26.37579185520362\n",
      "AGE \n",
      " std: 13.094190207980025 \n",
      " mean: 48.51809954751131\n",
      "S5 \n",
      " std: 0.5217992869003063 \n",
      " mean: 4.641410859728507\n",
      "SEX \n",
      " std: 0.4989957359922028 \n",
      " mean: 1.4683257918552035\n",
      "Correlation coefficient matrix (computed with numpy):\n"
     ]
    },
    {
     "data": {
      "text/html": [
       "<div>\n",
       "<style scoped>\n",
       "    .dataframe tbody tr th:only-of-type {\n",
       "        vertical-align: middle;\n",
       "    }\n",
       "\n",
       "    .dataframe tbody tr th {\n",
       "        vertical-align: top;\n",
       "    }\n",
       "\n",
       "    .dataframe thead th {\n",
       "        text-align: right;\n",
       "    }\n",
       "</style>\n",
       "<table border=\"1\" class=\"dataframe\">\n",
       "  <thead>\n",
       "    <tr style=\"text-align: right;\">\n",
       "      <th></th>\n",
       "      <th>AGE</th>\n",
       "      <th>SEX</th>\n",
       "      <th>BMI</th>\n",
       "      <th>BP</th>\n",
       "      <th>S1</th>\n",
       "      <th>S2</th>\n",
       "      <th>S3</th>\n",
       "      <th>S4</th>\n",
       "      <th>S5</th>\n",
       "      <th>S6</th>\n",
       "      <th>Y</th>\n",
       "    </tr>\n",
       "  </thead>\n",
       "  <tbody>\n",
       "    <tr>\n",
       "      <th>0</th>\n",
       "      <td>1.000000</td>\n",
       "      <td>0.173737</td>\n",
       "      <td>0.185085</td>\n",
       "      <td>0.335428</td>\n",
       "      <td>0.260061</td>\n",
       "      <td>0.219243</td>\n",
       "      <td>-0.075181</td>\n",
       "      <td>0.203841</td>\n",
       "      <td>0.270774</td>\n",
       "      <td>0.301731</td>\n",
       "      <td>0.187889</td>\n",
       "    </tr>\n",
       "    <tr>\n",
       "      <th>1</th>\n",
       "      <td>0.173737</td>\n",
       "      <td>1.000000</td>\n",
       "      <td>0.088161</td>\n",
       "      <td>0.241010</td>\n",
       "      <td>0.035277</td>\n",
       "      <td>0.142637</td>\n",
       "      <td>-0.379090</td>\n",
       "      <td>0.332115</td>\n",
       "      <td>0.149916</td>\n",
       "      <td>0.208133</td>\n",
       "      <td>0.043062</td>\n",
       "    </tr>\n",
       "    <tr>\n",
       "      <th>2</th>\n",
       "      <td>0.185085</td>\n",
       "      <td>0.088161</td>\n",
       "      <td>1.000000</td>\n",
       "      <td>0.395411</td>\n",
       "      <td>0.249777</td>\n",
       "      <td>0.261170</td>\n",
       "      <td>-0.366811</td>\n",
       "      <td>0.413807</td>\n",
       "      <td>0.446157</td>\n",
       "      <td>0.388680</td>\n",
       "      <td>0.586450</td>\n",
       "    </tr>\n",
       "    <tr>\n",
       "      <th>3</th>\n",
       "      <td>0.335428</td>\n",
       "      <td>0.241010</td>\n",
       "      <td>0.395411</td>\n",
       "      <td>1.000000</td>\n",
       "      <td>0.242464</td>\n",
       "      <td>0.185548</td>\n",
       "      <td>-0.178762</td>\n",
       "      <td>0.257650</td>\n",
       "      <td>0.393480</td>\n",
       "      <td>0.390430</td>\n",
       "      <td>0.441482</td>\n",
       "    </tr>\n",
       "    <tr>\n",
       "      <th>4</th>\n",
       "      <td>0.260061</td>\n",
       "      <td>0.035277</td>\n",
       "      <td>0.249777</td>\n",
       "      <td>0.242464</td>\n",
       "      <td>1.000000</td>\n",
       "      <td>0.896663</td>\n",
       "      <td>0.051519</td>\n",
       "      <td>0.542207</td>\n",
       "      <td>0.515503</td>\n",
       "      <td>0.325717</td>\n",
       "      <td>0.212022</td>\n",
       "    </tr>\n",
       "    <tr>\n",
       "      <th>5</th>\n",
       "      <td>0.219243</td>\n",
       "      <td>0.142637</td>\n",
       "      <td>0.261170</td>\n",
       "      <td>0.185548</td>\n",
       "      <td>0.896663</td>\n",
       "      <td>1.000000</td>\n",
       "      <td>-0.196455</td>\n",
       "      <td>0.659817</td>\n",
       "      <td>0.318357</td>\n",
       "      <td>0.290600</td>\n",
       "      <td>0.174054</td>\n",
       "    </tr>\n",
       "    <tr>\n",
       "      <th>6</th>\n",
       "      <td>-0.075181</td>\n",
       "      <td>-0.379090</td>\n",
       "      <td>-0.366811</td>\n",
       "      <td>-0.178762</td>\n",
       "      <td>0.051519</td>\n",
       "      <td>-0.196455</td>\n",
       "      <td>1.000000</td>\n",
       "      <td>-0.738493</td>\n",
       "      <td>-0.398577</td>\n",
       "      <td>-0.273697</td>\n",
       "      <td>-0.394789</td>\n",
       "    </tr>\n",
       "    <tr>\n",
       "      <th>7</th>\n",
       "      <td>0.203841</td>\n",
       "      <td>0.332115</td>\n",
       "      <td>0.413807</td>\n",
       "      <td>0.257650</td>\n",
       "      <td>0.542207</td>\n",
       "      <td>0.659817</td>\n",
       "      <td>-0.738493</td>\n",
       "      <td>1.000000</td>\n",
       "      <td>0.617859</td>\n",
       "      <td>0.417212</td>\n",
       "      <td>0.430453</td>\n",
       "    </tr>\n",
       "    <tr>\n",
       "      <th>8</th>\n",
       "      <td>0.270774</td>\n",
       "      <td>0.149916</td>\n",
       "      <td>0.446157</td>\n",
       "      <td>0.393480</td>\n",
       "      <td>0.515503</td>\n",
       "      <td>0.318357</td>\n",
       "      <td>-0.398577</td>\n",
       "      <td>0.617859</td>\n",
       "      <td>1.000000</td>\n",
       "      <td>0.464669</td>\n",
       "      <td>0.565883</td>\n",
       "    </tr>\n",
       "    <tr>\n",
       "      <th>9</th>\n",
       "      <td>0.301731</td>\n",
       "      <td>0.208133</td>\n",
       "      <td>0.388680</td>\n",
       "      <td>0.390430</td>\n",
       "      <td>0.325717</td>\n",
       "      <td>0.290600</td>\n",
       "      <td>-0.273697</td>\n",
       "      <td>0.417212</td>\n",
       "      <td>0.464669</td>\n",
       "      <td>1.000000</td>\n",
       "      <td>0.382483</td>\n",
       "    </tr>\n",
       "    <tr>\n",
       "      <th>10</th>\n",
       "      <td>0.187889</td>\n",
       "      <td>0.043062</td>\n",
       "      <td>0.586450</td>\n",
       "      <td>0.441482</td>\n",
       "      <td>0.212022</td>\n",
       "      <td>0.174054</td>\n",
       "      <td>-0.394789</td>\n",
       "      <td>0.430453</td>\n",
       "      <td>0.565883</td>\n",
       "      <td>0.382483</td>\n",
       "      <td>1.000000</td>\n",
       "    </tr>\n",
       "  </tbody>\n",
       "</table>\n",
       "</div>"
      ],
      "text/plain": [
       "         AGE       SEX       BMI        BP        S1        S2        S3  \\\n",
       "0   1.000000  0.173737  0.185085  0.335428  0.260061  0.219243 -0.075181   \n",
       "1   0.173737  1.000000  0.088161  0.241010  0.035277  0.142637 -0.379090   \n",
       "2   0.185085  0.088161  1.000000  0.395411  0.249777  0.261170 -0.366811   \n",
       "3   0.335428  0.241010  0.395411  1.000000  0.242464  0.185548 -0.178762   \n",
       "4   0.260061  0.035277  0.249777  0.242464  1.000000  0.896663  0.051519   \n",
       "5   0.219243  0.142637  0.261170  0.185548  0.896663  1.000000 -0.196455   \n",
       "6  -0.075181 -0.379090 -0.366811 -0.178762  0.051519 -0.196455  1.000000   \n",
       "7   0.203841  0.332115  0.413807  0.257650  0.542207  0.659817 -0.738493   \n",
       "8   0.270774  0.149916  0.446157  0.393480  0.515503  0.318357 -0.398577   \n",
       "9   0.301731  0.208133  0.388680  0.390430  0.325717  0.290600 -0.273697   \n",
       "10  0.187889  0.043062  0.586450  0.441482  0.212022  0.174054 -0.394789   \n",
       "\n",
       "          S4        S5        S6         Y  \n",
       "0   0.203841  0.270774  0.301731  0.187889  \n",
       "1   0.332115  0.149916  0.208133  0.043062  \n",
       "2   0.413807  0.446157  0.388680  0.586450  \n",
       "3   0.257650  0.393480  0.390430  0.441482  \n",
       "4   0.542207  0.515503  0.325717  0.212022  \n",
       "5   0.659817  0.318357  0.290600  0.174054  \n",
       "6  -0.738493 -0.398577 -0.273697 -0.394789  \n",
       "7   1.000000  0.617859  0.417212  0.430453  \n",
       "8   0.617859  1.000000  0.464669  0.565883  \n",
       "9   0.417212  0.464669  1.000000  0.382483  \n",
       "10  0.430453  0.565883  0.382483  1.000000  "
      ]
     },
     "metadata": {},
     "output_type": "display_data"
    },
    {
     "name": "stdout",
     "output_type": "stream",
     "text": [
      "Correlation coefficient matrix (computed with pandas):\n"
     ]
    },
    {
     "data": {
      "text/html": [
       "<div>\n",
       "<style scoped>\n",
       "    .dataframe tbody tr th:only-of-type {\n",
       "        vertical-align: middle;\n",
       "    }\n",
       "\n",
       "    .dataframe tbody tr th {\n",
       "        vertical-align: top;\n",
       "    }\n",
       "\n",
       "    .dataframe thead th {\n",
       "        text-align: right;\n",
       "    }\n",
       "</style>\n",
       "<table border=\"1\" class=\"dataframe\">\n",
       "  <thead>\n",
       "    <tr style=\"text-align: right;\">\n",
       "      <th></th>\n",
       "      <th>AGE</th>\n",
       "      <th>SEX</th>\n",
       "      <th>BMI</th>\n",
       "      <th>BP</th>\n",
       "      <th>S1</th>\n",
       "      <th>S2</th>\n",
       "      <th>S3</th>\n",
       "      <th>S4</th>\n",
       "      <th>S5</th>\n",
       "      <th>S6</th>\n",
       "      <th>Y</th>\n",
       "    </tr>\n",
       "  </thead>\n",
       "  <tbody>\n",
       "    <tr>\n",
       "      <th>AGE</th>\n",
       "      <td>1.000000</td>\n",
       "      <td>0.173737</td>\n",
       "      <td>0.185085</td>\n",
       "      <td>0.335428</td>\n",
       "      <td>0.260061</td>\n",
       "      <td>0.219243</td>\n",
       "      <td>-0.075181</td>\n",
       "      <td>0.203841</td>\n",
       "      <td>0.270774</td>\n",
       "      <td>0.301731</td>\n",
       "      <td>0.187889</td>\n",
       "    </tr>\n",
       "    <tr>\n",
       "      <th>SEX</th>\n",
       "      <td>0.173737</td>\n",
       "      <td>1.000000</td>\n",
       "      <td>0.088161</td>\n",
       "      <td>0.241010</td>\n",
       "      <td>0.035277</td>\n",
       "      <td>0.142637</td>\n",
       "      <td>-0.379090</td>\n",
       "      <td>0.332115</td>\n",
       "      <td>0.149916</td>\n",
       "      <td>0.208133</td>\n",
       "      <td>0.043062</td>\n",
       "    </tr>\n",
       "    <tr>\n",
       "      <th>BMI</th>\n",
       "      <td>0.185085</td>\n",
       "      <td>0.088161</td>\n",
       "      <td>1.000000</td>\n",
       "      <td>0.395411</td>\n",
       "      <td>0.249777</td>\n",
       "      <td>0.261170</td>\n",
       "      <td>-0.366811</td>\n",
       "      <td>0.413807</td>\n",
       "      <td>0.446157</td>\n",
       "      <td>0.388680</td>\n",
       "      <td>0.586450</td>\n",
       "    </tr>\n",
       "    <tr>\n",
       "      <th>BP</th>\n",
       "      <td>0.335428</td>\n",
       "      <td>0.241010</td>\n",
       "      <td>0.395411</td>\n",
       "      <td>1.000000</td>\n",
       "      <td>0.242464</td>\n",
       "      <td>0.185548</td>\n",
       "      <td>-0.178762</td>\n",
       "      <td>0.257650</td>\n",
       "      <td>0.393480</td>\n",
       "      <td>0.390430</td>\n",
       "      <td>0.441482</td>\n",
       "    </tr>\n",
       "    <tr>\n",
       "      <th>S1</th>\n",
       "      <td>0.260061</td>\n",
       "      <td>0.035277</td>\n",
       "      <td>0.249777</td>\n",
       "      <td>0.242464</td>\n",
       "      <td>1.000000</td>\n",
       "      <td>0.896663</td>\n",
       "      <td>0.051519</td>\n",
       "      <td>0.542207</td>\n",
       "      <td>0.515503</td>\n",
       "      <td>0.325717</td>\n",
       "      <td>0.212022</td>\n",
       "    </tr>\n",
       "    <tr>\n",
       "      <th>S2</th>\n",
       "      <td>0.219243</td>\n",
       "      <td>0.142637</td>\n",
       "      <td>0.261170</td>\n",
       "      <td>0.185548</td>\n",
       "      <td>0.896663</td>\n",
       "      <td>1.000000</td>\n",
       "      <td>-0.196455</td>\n",
       "      <td>0.659817</td>\n",
       "      <td>0.318357</td>\n",
       "      <td>0.290600</td>\n",
       "      <td>0.174054</td>\n",
       "    </tr>\n",
       "    <tr>\n",
       "      <th>S3</th>\n",
       "      <td>-0.075181</td>\n",
       "      <td>-0.379090</td>\n",
       "      <td>-0.366811</td>\n",
       "      <td>-0.178762</td>\n",
       "      <td>0.051519</td>\n",
       "      <td>-0.196455</td>\n",
       "      <td>1.000000</td>\n",
       "      <td>-0.738493</td>\n",
       "      <td>-0.398577</td>\n",
       "      <td>-0.273697</td>\n",
       "      <td>-0.394789</td>\n",
       "    </tr>\n",
       "    <tr>\n",
       "      <th>S4</th>\n",
       "      <td>0.203841</td>\n",
       "      <td>0.332115</td>\n",
       "      <td>0.413807</td>\n",
       "      <td>0.257650</td>\n",
       "      <td>0.542207</td>\n",
       "      <td>0.659817</td>\n",
       "      <td>-0.738493</td>\n",
       "      <td>1.000000</td>\n",
       "      <td>0.617859</td>\n",
       "      <td>0.417212</td>\n",
       "      <td>0.430453</td>\n",
       "    </tr>\n",
       "    <tr>\n",
       "      <th>S5</th>\n",
       "      <td>0.270774</td>\n",
       "      <td>0.149916</td>\n",
       "      <td>0.446157</td>\n",
       "      <td>0.393480</td>\n",
       "      <td>0.515503</td>\n",
       "      <td>0.318357</td>\n",
       "      <td>-0.398577</td>\n",
       "      <td>0.617859</td>\n",
       "      <td>1.000000</td>\n",
       "      <td>0.464669</td>\n",
       "      <td>0.565883</td>\n",
       "    </tr>\n",
       "    <tr>\n",
       "      <th>S6</th>\n",
       "      <td>0.301731</td>\n",
       "      <td>0.208133</td>\n",
       "      <td>0.388680</td>\n",
       "      <td>0.390430</td>\n",
       "      <td>0.325717</td>\n",
       "      <td>0.290600</td>\n",
       "      <td>-0.273697</td>\n",
       "      <td>0.417212</td>\n",
       "      <td>0.464669</td>\n",
       "      <td>1.000000</td>\n",
       "      <td>0.382483</td>\n",
       "    </tr>\n",
       "    <tr>\n",
       "      <th>Y</th>\n",
       "      <td>0.187889</td>\n",
       "      <td>0.043062</td>\n",
       "      <td>0.586450</td>\n",
       "      <td>0.441482</td>\n",
       "      <td>0.212022</td>\n",
       "      <td>0.174054</td>\n",
       "      <td>-0.394789</td>\n",
       "      <td>0.430453</td>\n",
       "      <td>0.565883</td>\n",
       "      <td>0.382483</td>\n",
       "      <td>1.000000</td>\n",
       "    </tr>\n",
       "  </tbody>\n",
       "</table>\n",
       "</div>"
      ],
      "text/plain": [
       "          AGE       SEX       BMI        BP        S1        S2        S3  \\\n",
       "AGE  1.000000  0.173737  0.185085  0.335428  0.260061  0.219243 -0.075181   \n",
       "SEX  0.173737  1.000000  0.088161  0.241010  0.035277  0.142637 -0.379090   \n",
       "BMI  0.185085  0.088161  1.000000  0.395411  0.249777  0.261170 -0.366811   \n",
       "BP   0.335428  0.241010  0.395411  1.000000  0.242464  0.185548 -0.178762   \n",
       "S1   0.260061  0.035277  0.249777  0.242464  1.000000  0.896663  0.051519   \n",
       "S2   0.219243  0.142637  0.261170  0.185548  0.896663  1.000000 -0.196455   \n",
       "S3  -0.075181 -0.379090 -0.366811 -0.178762  0.051519 -0.196455  1.000000   \n",
       "S4   0.203841  0.332115  0.413807  0.257650  0.542207  0.659817 -0.738493   \n",
       "S5   0.270774  0.149916  0.446157  0.393480  0.515503  0.318357 -0.398577   \n",
       "S6   0.301731  0.208133  0.388680  0.390430  0.325717  0.290600 -0.273697   \n",
       "Y    0.187889  0.043062  0.586450  0.441482  0.212022  0.174054 -0.394789   \n",
       "\n",
       "           S4        S5        S6         Y  \n",
       "AGE  0.203841  0.270774  0.301731  0.187889  \n",
       "SEX  0.332115  0.149916  0.208133  0.043062  \n",
       "BMI  0.413807  0.446157  0.388680  0.586450  \n",
       "BP   0.257650  0.393480  0.390430  0.441482  \n",
       "S1   0.542207  0.515503  0.325717  0.212022  \n",
       "S2   0.659817  0.318357  0.290600  0.174054  \n",
       "S3  -0.738493 -0.398577 -0.273697 -0.394789  \n",
       "S4   1.000000  0.617859  0.417212  0.430453  \n",
       "S5   0.617859  1.000000  0.464669  0.565883  \n",
       "S6   0.417212  0.464669  1.000000  0.382483  \n",
       "Y    0.430453  0.565883  0.382483  1.000000  "
      ]
     },
     "metadata": {},
     "output_type": "display_data"
    }
   ],
   "source": [
    "import pandas as pd\n",
    "import numpy as np\n",
    "# Download the diabetes file, and save it in the working directory\n",
    "# Read the text file into a pandas dataframe\n",
    "diabetes_df = pd.read_csv(\"diabetes.txt\", sep='\\t')\n",
    "\n",
    "#1. Y is the output variable for the dataframe. Y is a measure of how far the disease has progressed in 1 year after the initial data collection.\n",
    "\n",
    "columns = set(diabetes_df.columns)\n",
    "columns.remove(\"Y\")\n",
    "for column in columns:\n",
    "    col_values = np.array(diabetes_df[column])\n",
    "    # calculate the mean and std for each attribute\n",
    "    print(column, \"\\n std:\", np.std(col_values), \"\\n mean:\", np.mean(col_values))\n",
    "    # calculate the standard deviation\n",
    "    np.std(col_values)\n",
    "    \n",
    "# calculate the correlation coefficient matrix\n",
    "print(\"Correlation coefficient matrix (computed with numpy):\") \n",
    "display(pd.DataFrame(np.corrcoef(np.array(diabetes_df).T),columns = diabetes_df.columns))\n",
    "\n",
    "print(\"Correlation coefficient matrix (computed with pandas):\")\n",
    "display(diabetes_df.corr())"
   ]
  },
  {
   "cell_type": "markdown",
   "metadata": {},
   "source": []
  },
  {
   "cell_type": "markdown",
   "metadata": {},
   "source": [
    "The main diagonal of the correlation coefficient is equal to a vector of ones because every variable has full correlation with itself. \n",
    "\n",
    "3. It does not truly make sense to calculate the mean or standard deviation for the SEX column. It is a categorical variable, and thus mean does not make sense. Furthermore, standard deviation is not useful, since there are no values besides 1 and 2."
   ]
  },
  {
   "cell_type": "markdown",
   "metadata": {},
   "source": [
    "### Problem 2"
   ]
  },
  {
   "cell_type": "markdown",
   "metadata": {},
   "source": [
    "###### Part 1: Predict the values of the output variable you identified above.\n",
    "1. Normalize all columns which it makes sense to normalize\n",
    "2. Separate the entries into train and test segments randomly. Have the train segment contain 80%, about 354 entries. Let the test segment contain the remaining entries.\n",
    "3. Use scikit-learn's linear regression algorithm to train on two columns of the train set, and test on the test set.\n",
    "4. Use the linear regression algorithm to train on all the columns of the train set, and test on the test set.\n",
    "5. Try different combinations of columns. See if you can find any combination that is better than using all of the columns.\n",
    "6. Based on the values of MSE or R-squared of the train set and test set, what combination do you think is the best? "
   ]
  },
  {
   "cell_type": "code",
   "execution_count": 105,
   "metadata": {
    "id": "V5QdBy3HE30G"
   },
   "outputs": [
    {
     "data": {
      "text/html": [
       "<div>\n",
       "<style scoped>\n",
       "    .dataframe tbody tr th:only-of-type {\n",
       "        vertical-align: middle;\n",
       "    }\n",
       "\n",
       "    .dataframe tbody tr th {\n",
       "        vertical-align: top;\n",
       "    }\n",
       "\n",
       "    .dataframe thead th {\n",
       "        text-align: right;\n",
       "    }\n",
       "</style>\n",
       "<table border=\"1\" class=\"dataframe\">\n",
       "  <thead>\n",
       "    <tr style=\"text-align: right;\">\n",
       "      <th></th>\n",
       "      <th>AGE</th>\n",
       "      <th>BMI</th>\n",
       "      <th>BP</th>\n",
       "      <th>S1</th>\n",
       "      <th>S2</th>\n",
       "      <th>S3</th>\n",
       "      <th>S4</th>\n",
       "      <th>S5</th>\n",
       "      <th>S6</th>\n",
       "      <th>Y</th>\n",
       "    </tr>\n",
       "  </thead>\n",
       "  <tbody>\n",
       "    <tr>\n",
       "      <th>0</th>\n",
       "      <td>0.800500</td>\n",
       "      <td>1.297088</td>\n",
       "      <td>0.459841</td>\n",
       "      <td>-0.929746</td>\n",
       "      <td>-0.732065</td>\n",
       "      <td>-0.912451</td>\n",
       "      <td>-0.054499</td>\n",
       "      <td>0.418531</td>\n",
       "      <td>-0.370989</td>\n",
       "      <td>-0.014719</td>\n",
       "    </tr>\n",
       "    <tr>\n",
       "      <th>1</th>\n",
       "      <td>-0.039567</td>\n",
       "      <td>-1.082180</td>\n",
       "      <td>-0.553505</td>\n",
       "      <td>-0.177624</td>\n",
       "      <td>-0.402886</td>\n",
       "      <td>1.564414</td>\n",
       "      <td>-0.830301</td>\n",
       "      <td>-1.436589</td>\n",
       "      <td>-1.938479</td>\n",
       "      <td>-1.001659</td>\n",
       "    </tr>\n",
       "    <tr>\n",
       "      <th>2</th>\n",
       "      <td>1.793307</td>\n",
       "      <td>0.934533</td>\n",
       "      <td>-0.119214</td>\n",
       "      <td>-0.958674</td>\n",
       "      <td>-0.718897</td>\n",
       "      <td>-0.680245</td>\n",
       "      <td>-0.054499</td>\n",
       "      <td>0.060156</td>\n",
       "      <td>-0.545154</td>\n",
       "      <td>-0.144580</td>\n",
       "    </tr>\n",
       "    <tr>\n",
       "      <th>3</th>\n",
       "      <td>-1.872441</td>\n",
       "      <td>-0.243771</td>\n",
       "      <td>-0.770650</td>\n",
       "      <td>0.256292</td>\n",
       "      <td>0.525397</td>\n",
       "      <td>-0.757647</td>\n",
       "      <td>0.721302</td>\n",
       "      <td>0.476983</td>\n",
       "      <td>-0.196823</td>\n",
       "      <td>0.699513</td>\n",
       "    </tr>\n",
       "    <tr>\n",
       "      <th>4</th>\n",
       "      <td>0.113172</td>\n",
       "      <td>-0.764944</td>\n",
       "      <td>0.459841</td>\n",
       "      <td>0.082726</td>\n",
       "      <td>0.327890</td>\n",
       "      <td>0.171178</td>\n",
       "      <td>-0.054499</td>\n",
       "      <td>-0.672502</td>\n",
       "      <td>-0.980568</td>\n",
       "      <td>-0.222496</td>\n",
       "    </tr>\n",
       "    <tr>\n",
       "      <th>...</th>\n",
       "      <td>...</td>\n",
       "      <td>...</td>\n",
       "      <td>...</td>\n",
       "      <td>...</td>\n",
       "      <td>...</td>\n",
       "      <td>...</td>\n",
       "      <td>...</td>\n",
       "      <td>...</td>\n",
       "      <td>...</td>\n",
       "      <td>...</td>\n",
       "    </tr>\n",
       "    <tr>\n",
       "      <th>437</th>\n",
       "      <td>0.876870</td>\n",
       "      <td>0.413360</td>\n",
       "      <td>1.256040</td>\n",
       "      <td>-0.119769</td>\n",
       "      <td>-0.053957</td>\n",
       "      <td>-0.602843</td>\n",
       "      <td>-0.054499</td>\n",
       "      <td>0.655787</td>\n",
       "      <td>0.151508</td>\n",
       "      <td>0.335904</td>\n",
       "    </tr>\n",
       "    <tr>\n",
       "      <th>438</th>\n",
       "      <td>-0.115937</td>\n",
       "      <td>-0.334410</td>\n",
       "      <td>-1.422086</td>\n",
       "      <td>1.037341</td>\n",
       "      <td>1.664355</td>\n",
       "      <td>-0.602843</td>\n",
       "      <td>0.721302</td>\n",
       "      <td>-0.380819</td>\n",
       "      <td>0.935254</td>\n",
       "      <td>-0.625064</td>\n",
       "    </tr>\n",
       "    <tr>\n",
       "      <th>439</th>\n",
       "      <td>0.876870</td>\n",
       "      <td>-0.334410</td>\n",
       "      <td>0.363573</td>\n",
       "      <td>-0.785107</td>\n",
       "      <td>-0.290965</td>\n",
       "      <td>-0.525441</td>\n",
       "      <td>-0.232934</td>\n",
       "      <td>-0.985649</td>\n",
       "      <td>0.325674</td>\n",
       "      <td>-0.261454</td>\n",
       "    </tr>\n",
       "    <tr>\n",
       "      <th>440</th>\n",
       "      <td>-0.956004</td>\n",
       "      <td>0.821235</td>\n",
       "      <td>0.025550</td>\n",
       "      <td>0.343075</td>\n",
       "      <td>0.321306</td>\n",
       "      <td>-0.602843</td>\n",
       "      <td>0.558384</td>\n",
       "      <td>0.936163</td>\n",
       "      <td>-0.545154</td>\n",
       "      <td>0.881318</td>\n",
       "    </tr>\n",
       "    <tr>\n",
       "      <th>441</th>\n",
       "      <td>-0.956004</td>\n",
       "      <td>-1.535374</td>\n",
       "      <td>-1.711613</td>\n",
       "      <td>1.760535</td>\n",
       "      <td>0.584649</td>\n",
       "      <td>3.654268</td>\n",
       "      <td>-0.830301</td>\n",
       "      <td>-0.088752</td>\n",
       "      <td>0.064426</td>\n",
       "      <td>-1.235408</td>\n",
       "    </tr>\n",
       "  </tbody>\n",
       "</table>\n",
       "<p>442 rows × 10 columns</p>\n",
       "</div>"
      ],
      "text/plain": [
       "          AGE       BMI        BP        S1        S2        S3        S4  \\\n",
       "0    0.800500  1.297088  0.459841 -0.929746 -0.732065 -0.912451 -0.054499   \n",
       "1   -0.039567 -1.082180 -0.553505 -0.177624 -0.402886  1.564414 -0.830301   \n",
       "2    1.793307  0.934533 -0.119214 -0.958674 -0.718897 -0.680245 -0.054499   \n",
       "3   -1.872441 -0.243771 -0.770650  0.256292  0.525397 -0.757647  0.721302   \n",
       "4    0.113172 -0.764944  0.459841  0.082726  0.327890  0.171178 -0.054499   \n",
       "..        ...       ...       ...       ...       ...       ...       ...   \n",
       "437  0.876870  0.413360  1.256040 -0.119769 -0.053957 -0.602843 -0.054499   \n",
       "438 -0.115937 -0.334410 -1.422086  1.037341  1.664355 -0.602843  0.721302   \n",
       "439  0.876870 -0.334410  0.363573 -0.785107 -0.290965 -0.525441 -0.232934   \n",
       "440 -0.956004  0.821235  0.025550  0.343075  0.321306 -0.602843  0.558384   \n",
       "441 -0.956004 -1.535374 -1.711613  1.760535  0.584649  3.654268 -0.830301   \n",
       "\n",
       "           S5        S6         Y  \n",
       "0    0.418531 -0.370989 -0.014719  \n",
       "1   -1.436589 -1.938479 -1.001659  \n",
       "2    0.060156 -0.545154 -0.144580  \n",
       "3    0.476983 -0.196823  0.699513  \n",
       "4   -0.672502 -0.980568 -0.222496  \n",
       "..        ...       ...       ...  \n",
       "437  0.655787  0.151508  0.335904  \n",
       "438 -0.380819  0.935254 -0.625064  \n",
       "439 -0.985649  0.325674 -0.261454  \n",
       "440  0.936163 -0.545154  0.881318  \n",
       "441 -0.088752  0.064426 -1.235408  \n",
       "\n",
       "[442 rows x 10 columns]"
      ]
     },
     "metadata": {},
     "output_type": "display_data"
    },
    {
     "name": "stdout",
     "output_type": "stream",
     "text": [
      "Result for Age and Blood Pressure 0.2271935792030655\n",
      "Result for regressing on all columns 0.4720198891823413\n"
     ]
    }
   ],
   "source": [
    "from sklearn import linear_model\n",
    "from sklearn.metrics import mean_squared_error, r2_score\n",
    "\n",
    "# It does not make sense to use linear regression on the sex column, so we drop it\n",
    "lin_diab_view = diabetes_df.drop(columns = ['SEX'])\n",
    "\n",
    "# normalize the values, \n",
    "from sklearn.preprocessing import StandardScaler\n",
    "scaler = StandardScaler()\n",
    "saved_cols = lin_diab_view.columns\n",
    "lin_diab_view_arr = scaler.fit_transform(lin_diab_view)\n",
    "display(pd.DataFrame(lin_diab_view_arr, columns = saved_cols))\n",
    "#lin_diab_view.apply(lambda x: x/x.max() - x.mean()/x.max(), axis=0)\n",
    "\n",
    "# separate entries into train and test segments\n",
    "from sklearn.model_selection import train_test_split\n",
    "\n",
    "train, test = train_test_split(lin_diab_view, test_size=0.2)\n",
    "train_X = train.drop(columns = [\"Y\"])\n",
    "train_y = train[\"Y\"]\n",
    "test_X = test.drop(columns = [\"Y\"])\n",
    "test_y = test[\"Y\"]\n",
    "\n",
    "# Create linear model and train and test for two columns\n",
    "from sklearn.linear_model import LinearRegression\n",
    "diab_pred = LinearRegression().fit(train_X[[\"AGE\", \"BP\"]], train_y)\n",
    "print(\"Result for Age and Blood Pressure\", diab_pred.score(test_X[[\"AGE\", \"BP\"]], test_y))\n",
    "\n",
    "# Test for all columns\n",
    "diab_pred = LinearRegression().fit(train_X, train_y)\n",
    "print(\"Result for regressing on all columns\",diab_pred.score(test_X, test_y))"
   ]
  },
  {
   "cell_type": "markdown",
   "metadata": {
    "id": "2KCBvHfMD997"
   },
   "source": [
    "Age and BP is the best I've found so far. There are many option that are better than using all of them, though. Age, BMI, and Age, BP are just two of them."
   ]
  },
  {
   "cell_type": "markdown",
   "metadata": {
    "colab": {
     "base_uri": "https://localhost:8080/"
    },
    "id": "S9CWePYFLlPR",
    "outputId": "31bab0f6-b032-4eb0-deb0-657f25ac2ddd"
   },
   "source": [
    "###### Part 2: Use Linear Regression on Quadratic Features\n",
    "Use sklearn.preprocessing.PolynomialFeatures to expand the data set to include nonlinear elements, then perform linear regression again. Is this a better model comparing with the one you find in part 1?\n",
    "\n",
    "reference:https://scikit-learn.org/stable/modules/generated/sklearn.preprocessing.PolynomialFeatures.html"
   ]
  },
  {
   "cell_type": "code",
   "execution_count": 78,
   "metadata": {
    "colab": {
     "base_uri": "https://localhost:8080/",
     "height": 136
    },
    "id": "KoXeyTsZLScH",
    "outputId": "3aaebdb6-b3af-4563-c85c-b015c0602cb7"
   },
   "outputs": [],
   "source": [
    "from sklearn.preprocessing import PolynomialFeatures\n",
    "poly_transform = PolynomialFeatures(2)"
   ]
  },
  {
   "cell_type": "code",
   "execution_count": 99,
   "metadata": {
    "id": "4tvx0wpfCcw9"
   },
   "outputs": [
    {
     "name": "stdout",
     "output_type": "stream",
     "text": [
      "0.4136711170200992\n"
     ]
    }
   ],
   "source": [
    "# Transform lin_diab_view to have nonlinear interaction \n",
    "X = lin_diab_view.drop(columns = [\"Y\"])\n",
    "poly_diab_view = poly_transform.fit(X)\n",
    "p_train_X = poly_diab_view.transform(train_X)\n",
    "p_test_X = poly_diab_view.transform(test_X)\n",
    "\n",
    "p_diab_pred = LinearRegression().fit(p_train_X, train_y)\n",
    "print(p_diab_pred.score(p_test_X, test_y))"
   ]
  },
  {
   "cell_type": "code",
   "execution_count": null,
   "metadata": {},
   "outputs": [],
   "source": []
  },
  {
   "cell_type": "code",
   "execution_count": null,
   "metadata": {},
   "outputs": [],
   "source": []
  },
  {
   "cell_type": "code",
   "execution_count": null,
   "metadata": {},
   "outputs": [],
   "source": []
  }
 ],
 "metadata": {
  "colab": {
   "collapsed_sections": [],
   "name": "Discussion Problems Week 3.ipynb",
   "provenance": []
  },
  "kernelspec": {
   "display_name": "Python 3",
   "language": "python",
   "name": "python3"
  },
  "language_info": {
   "codemirror_mode": {
    "name": "ipython",
    "version": 3
   },
   "file_extension": ".py",
   "mimetype": "text/x-python",
   "name": "python",
   "nbconvert_exporter": "python",
   "pygments_lexer": "ipython3",
   "version": "3.8.3"
  }
 },
 "nbformat": 4,
 "nbformat_minor": 1
}
